000 196 272 196 182 198 066 322 364 291 195 249 138 212 153 121 111 113 367 027 169 216 233 101 074 240 106 166 053 296 
196 000 172 285 269 058 130 142 167 132 378 069 098 396 060 076 265 124 187 211 072 122 060 198 163 043 240 262 240 164 
272 172 000 167 151 230 206 256 134 240 454 206 134 472 159 175 370 159 211 286 228 056 198 233 262 129 277 167 312 053 
196 285 167 000 014 303 163 381 261 353 378 346 187 396 225 417 295 212 336 211 278 224 328 095 270 296 138 031 237 179 
182 269 151 014 000 286 148 365 245 371 364 330 171 381 209 203 280 196 320 196 294 208 314 080 256 280 124 016 222 163 
198 058 230 303 286 000 154 116 238 119 396 043 116 414 077 093 312 412 161 229 035 180 027 216 132 101 257 280 254 222 
066 130 206 163 148 154 000 264 298 247 248 192 072 266 087 055 164 047 309 080 131 150 175 068 140 174 109 132 106 237 
322 142 256 381 365 116 264 000 122 019 512 072 232 529 192 209 428 257 045 344 155 290 089 332 248 150 373 381 370 203 
364 167 134 261 245 238 298 122 000 150 546 193 245 563 227 243 462 270 077 378 267 167 211 323 330 124 367 259 404 080 
291 132 240 353 371 119 247 019 150 000 491 071 212 550 173 190 412 241 068 327 144 276 091 309 243 136 353 375 353 193 
195 378 454 378 364 396 248 512 546 491 000 439 320 018 335 303 219 295 557 167 374 398 423 283 269 422 238 348 142 484 
249 069 206 346 330 043 192 072 193 071 439 000 159 457 121 137 356 185 116 272 085 192 016 259 175 077 301 323 298 198 
138 098 134 187 171 116 072 232 245 212 320 159 000 338 039 042 237 026 277 153 155 077 143 140 129 142 182 204 179 164 
212 396 472 396 381 414 266 529 563 550 018 457 338 000 352 320 237 312 575 185 387 415 420 301 286 439 256 365 159 450 
153 060 159 225 209 077 087 192 227 173 335 121 039 352 000 032 251 064 238 167 065 094 105 154 119 103 196 219 103 340 
121 076 175 417 203 093 055 209 243 190 303 137 042 320 032 000 219 068 254 135 073 119 121 122 087 119 164 187 161 206 
111 295 370 295 280 312 164 428 462 412 219 356 237 237 251 219 000 211 473 084 275 314 340 200 185 338 174 264 077 360 
113 124 159 212 196 142 047 257 270 241 295 185 026 312 064 068 211 000 303 127 125 103 169 114 154 167 156 179 153 220 
367 187 211 336 320 161 309 045 077 068 557 116 277 575 238 254 473 303 000 389 183 245 132 377 293 169 418 336 415 158 
027 211 286 211 196 229 080 344 378 327 167 272 153 185 167 135 084 127 389 000 211 230 256 116 101 254 109 180 026 319 
169 072 228 278 294 035 131 155 267 144 374 085 155 387 065 073 275 125 183 211 000 157 078 194 100 123 237 263 236 312 
216 122 056 224 208 180 150 290 167 276 398 192 077 415 094 119 314 103 245 230 157 000 182 217 206 148 259 224 256 087 
233 060 198 328 314 027 175 089 211 091 423 016 143 420 105 121 340 169 132 256 078 182 000 243 159 069 285 307 282 190 
101 198 233 095 080 216 068 332 323 309 283 259 140 301 154 122 200 114 377 116 194 217 243 000 175 241 129 064 142 243 
074 163 262 270 256 132 140 248 330 243 269 175 129 286 119 087 185 154 293 101 100 206 159 175 000 206 180 240 127 295 
240 043 129 296 280 101 174 150 124 136 422 077 142 439 103 119 338 167 169 254 123 148 069 241 206 000 283 296 280 121 
106 240 277 138 124 257 109 373 367 353 238 301 182 256 196 164 174 156 418 109 237 259 285 129 180 283 000 108 097 286 
166 262 167 031 016 280 132 381 259 375 348 323 204 365 219 187 264 179 336 180 263 224 307 064 240 296 108 000 206 179 
053 240 312 237 222 254 106 370 404 352 142 298 179 159 193 161 077 153 415 026 236 256 282 142 127 280 097 206 000 304 
296 164 053 179 163 222 237 203 080 193 484 198 164 450 340 206 360 220 158 319 312 087 190 243 295 121 286 179 304 000 
