000 196 272 196 182 100 066 322 364 291 195 249 138 212 153 
196 000 172 285 269 058 130 142 167 132 378 069 098 396 060 
272 172 000 167 151 230 206 256 134 240 454 206 134 472 159 
196 285 167 000 014 303 163 381 261 353 378 346 187 396 225 
182 269 151 014 000 286 148 365 245 371 364 330 171 381 209 
100 058 230 303 286 000 154 116 238 119 396 043 116 414 077 
066 130 206 163 148 154 000 264 298 247 248 192 072 266 087 
322 142 256 381 365 116 264 000 122 019 512 072 232 529 192 
364 167 134 261 245 238 298 122 000 150 546 193 245 563 227 
291 132 240 353 371 119 247 019 150 000 491 071 212 550 173 
195 378 454 378 364 396 248 512 546 491 000 439 320 018 335 
249 069 206 346 330 043 192 072 193 071 439 000 159 457 121 
138 098 134 187 171 116 072 232 245 212 320 159 000 338 039 
212 396 472 396 381 414 266 529 563 550 018 457 338 000 352 
153 060 159 225 209 077 087 192 227 173 335 121 039 352 000 

